 0.000000 1474.875366
 1.000000 1474.439453
 2.000000 1474.439453
 3.000000 1474.342041
 4.000000 1474.439453
 5.000000 1474.799194
 6.000000 1474.457764
 7.000000 1474.436523
 8.000000 1474.753540
 9.000000 1474.652954
 10.000000 1474.966797
 11.000000 1474.585815
 12.000000 1474.908936
 13.000000 1475.329468
 14.000000 1475.472778
 15.000000 1475.832520
 16.000000 1475.503296
 17.000000 1475.555176
 18.000000 1475.878174
 19.000000 1475.862915
 20.000000 1475.296021
 21.000000 1475.549072
 22.000000 1475.655762
 23.000000 1475.649658
 24.000000 1476.125122
 25.000000 1475.795898
 26.000000 1476.262207
 27.000000 1476.332275
 28.000000 1476.445068
 29.000000 1476.792603
 30.000000 1476.521362
 31.000000 1476.984619
 32.000000 1477.082153
 33.000000 1477.048584
 34.000000 1477.048584
 35.000000 1476.789551
 36.000000 1476.987549
 37.000000 1476.975586
 38.000000 1477.499756
 39.000000 1477.499756
 40.000000 1477.530273
 41.000000 1477.466187
 42.000000 1477.639893
 43.000000 1477.557617
 44.000000 1477.557617
 45.000000 1477.588135
 46.000000 1477.716064
 47.000000 1477.844116
 48.000000 1477.575928
 49.000000 1477.749634
 50.000000 1477.709961
 51.000000 1477.383911
 52.000000 1477.603271
 53.000000 1477.429565
 54.000000 1477.082153
 55.000000 1477.194946
 56.000000 1476.996826
 57.000000 1477.045654
 58.000000 1476.743774
 59.000000 1476.539673
 60.000000 1476.542603
 61.000000 1476.271484
 62.000000 1476.045776
 63.000000 1476.103760
 64.000000 1475.954468
 65.000000 1476.137329
 66.000000 1475.869019
 67.000000 1475.472778
 68.000000 1475.545898
 69.000000 1475.274780
 70.000000 1475.329468
 71.000000 1475.091797
 72.000000 1474.579712
 73.000000 1474.668091
 74.000000 1474.396851
 75.000000 1474.113403
 76.000000 1474.113403
 77.000000 1473.836060
 78.000000 1473.918335
 79.000000 1473.397095
 80.000000 1473.141113
 81.000000 1473.141113
 82.000000 1472.860718
 83.000000 1472.525391
 84.000000 1472.528442
 85.000000 1472.135254
 86.000000 1472.135254
 87.000000 1471.668945
 88.000000 1471.123291
 89.000000 1471.098877
 90.000000 1470.754517
 91.000000 1470.708862
 92.000000 1470.446655
 93.000000 1469.962036
 94.000000 1469.873657
 95.000000 1469.693848
 96.000000 1469.419556
 97.000000 1469.236572
 98.000000 1468.581299
 99.000000 1468.212524
 100.000000 1467.977783
 101.000000 1467.666992
 102.000000 1467.422974
 103.000000 1466.691528
 104.000000 1466.304443
 105.000000 1466.209961
 106.000000 1464.228760
 107.000000 1464.055054
 108.000000 1463.509399
 109.000000 1463.030884
 110.000000 1462.881470
 111.000000 1462.329834
 112.000000 1462.299316
 113.000000 1461.595215
 114.000000 1461.098389
 115.000000 1460.942993
 116.000000 1460.290771
 117.000000 1459.601929
 118.000000 1459.601929
 119.000000 1459.108154
 120.000000 1458.876343
 121.000000 1458.333984
 122.000000 1457.846191
 123.000000 1457.846191
 124.000000 1456.937866
 125.000000 1456.812866
 126.000000 1456.276489
 127.000000 1455.672974
 128.000000 1455.672974
 129.000000 1455.212646
 130.000000 1454.749390
 131.000000 1454.575684
 132.000000 1454.283081
 133.000000 1454.042358
 134.000000 1453.125000
 135.000000 1452.880981
 136.000000 1452.722534
 137.000000 1452.442139
 138.000000 1451.963623
 139.000000 1451.771484
 140.000000 1451.158936
 141.000000 1451.067505
 142.000000 1450.759644
 143.000000 1450.415283
 144.000000 1450.281128
 145.000000 1449.823975
 146.000000 1449.823975
 147.000000 1449.406372
 148.000000 1448.817993
 149.000000 1448.623047
 150.000000 1448.077393
 151.000000 1447.735962
 152.000000 1447.723877
 153.000000 1447.239258
 154.000000 1446.986206
 155.000000 1446.507568
 156.000000 1446.233276
 157.000000 1446.013916
 158.000000 1445.331055
 159.000000 1444.965454
 160.000000 1444.965454
 161.000000 1443.834595
 162.000000 1443.426147
 163.000000 1442.655029
 164.000000 1442.301392
 165.000000 1442.301392
 166.000000 1442.228394
 167.000000 1442.249634
 168.000000 1442.170288
 169.000000 1442.097168
 170.000000 1442.097168
 171.000000 1441.780273
 172.000000 1440.987671
 173.000000 1440.530518
 174.000000 1440.213501
 175.000000 1439.585571
 176.000000 1438.857178
 177.000000 1438.393921
 178.000000 1438.153076
 179.000000 1437.997559
 180.000000 1437.595337
 181.000000 1437.302734
 182.000000 1436.976685
 183.000000 1436.754028
 184.000000 1436.583496
 185.000000 1436.208496
 186.000000 1436.010254
 187.000000 1435.653687
 188.000000 1435.653687
 189.000000 1434.772827
 190.000000 1434.303589
 191.000000 1434.059570
 192.000000 1433.541504
 193.000000 1433.319092
 194.000000 1433.221436
 195.000000 1432.825195
 196.000000 1432.657471
 197.000000 1432.370972
 198.000000 1432.157715
 199.000000 1431.977783
 200.000000 1431.599976
 201.000000 1431.200562
 202.000000 1431.176270
 203.000000 1430.718994
 204.000000 1430.563599
 205.000000 1430.182617
 206.000000 1429.865601
 207.000000 1429.865601
 208.000000 1429.509033
 209.000000 1429.262085
 210.000000 1428.676758
 211.000000 1428.280640
 212.000000 1428.280640
 213.000000 1427.814331
 214.000000 1427.323486
 215.000000 1427.088745
 216.000000 1426.756592
 217.000000 1426.338989
 218.000000 1425.909302
 219.000000 1425.415527
 220.000000 1425.247803
 221.000000 1424.949097
 222.000000 1424.696289
 223.000000 1424.187134
 224.000000 1423.696411
 225.000000 1423.507446
 226.000000 1423.309326
 227.000000 1422.809448
 228.000000 1422.730225
 229.000000 1422.401001
 230.000000 1422.401001
 231.000000 1422.208984
 232.000000 1422.047363
 233.000000 1422.068848
 234.000000 1422.105469
 235.000000 1422.126709
 236.000000 1422.117676
 237.000000 1422.126709
 238.000000 1422.117676
 239.000000 1422.126709
 240.000000 1422.138916
 241.000000 1422.105469
 242.000000 1421.965210
 243.000000 1421.812866
 244.000000 1421.581055
 245.000000 1421.462158
 246.000000 1421.349487
 247.000000 1421.404297
 248.000000 1421.437744
 249.000000 1421.437744
 250.000000 1421.495850
 251.000000 1421.520142
 252.000000 1421.480469
 253.000000 1421.309814
 254.000000 1421.309814
 255.000000 1421.175659
 256.000000 1421.175659
 257.000000 1421.181763
 258.000000 1421.270264
 259.000000 1421.270264
 260.000000 1421.364746
 261.000000 1421.449951
 262.000000 1421.480469
 263.000000 1421.401367
 264.000000 1421.361572
 265.000000 1421.279419
 266.000000 1421.315918
 267.000000 1421.401367
 268.000000 1421.398193
 269.000000 1421.401367
 270.000000 1421.843262
 271.000000 1422.340088
 272.000000 1422.687500
 273.000000 1422.971069
 274.000000 1423.437256
 275.000000 1423.723755
 276.000000 1423.973877
 277.000000 1424.114014
 278.000000 1424.296875
 279.000000 1424.674805
 280.000000 1424.842529
 281.000000 1425.007080
 282.000000 1425.052856
 283.000000 1425.263184
 284.000000 1425.638062
 285.000000 1425.769165
 286.000000 1425.765991
 287.000000 1425.723267
 288.000000 1425.836060
 289.000000 1425.945801
 290.000000 1426.043457
 291.000000 1426.043457
 292.000000 1426.125732
 293.000000 1426.220215
 294.000000 1426.348267
 295.000000 1426.424438
 296.000000 1426.424438
 297.000000 1426.774902
 298.000000 1426.985229
 299.000000 1427.189453
 300.000000 1427.472900
 301.000000 1427.472900
 302.000000 1427.683228
 303.000000 1427.808228
 304.000000 1428.064209
 305.000000 1428.183105
 306.000000 1428.338501
 307.000000 1428.585449
 308.000000 1428.887207
 309.000000 1429.094360
 310.000000 1429.182861
 311.000000 1429.710083
 312.000000 1429.978271
 313.000000 1430.274048
 314.000000 1430.438599
 315.000000 1430.508667
 316.000000 1430.758545
 317.000000 1430.981079
 318.000000 1431.270752
 319.000000 1431.270752
 320.000000 1431.529785
 321.000000 1431.910889
 322.000000 1432.160767
 323.000000 1432.422852
 324.000000 1432.422852
 325.000000 1432.785645
 326.000000 1432.941040
 327.000000 1433.096436
 328.000000 1433.285400
 329.000000 1433.361572
 330.000000 1433.492676
 331.000000 1433.846313
 332.000000 1434.312622
 333.000000 1434.312622
 334.000000 1434.714844
 335.000000 1434.876587
 336.000000 1435.278809
 337.000000 1435.653687
 338.000000 1435.653687
 339.000000 1436.107910
 340.000000 1436.290894
 341.000000 1436.625977
 342.000000 1436.946167
 343.000000 1436.946167
 344.000000 1437.275391
 345.000000 1437.570923
 346.000000 1437.659302
 347.000000 1438.177490
 348.000000 1438.311646
 349.000000 1438.537109
 350.000000 1438.774902
 351.000000 1439.046143
 352.000000 1439.530884
 353.000000 1439.984863
 354.000000 1440.109863
 355.000000 1440.874878
 356.000000 1441.042603
 357.000000 1441.255859
 358.000000 1441.578979
 359.000000 1441.703979
 360.000000 1442.115479
 361.000000 1442.115479
 362.000000 1442.591064
 363.000000 1443.036011
 364.000000 1443.209717
 365.000000 1444.111938
 366.000000 1444.319214
 367.000000 1444.508179
 368.000000 1444.651367
 369.000000 1444.694092
 370.000000 1444.852661
 371.000000 1445.087280
 372.000000 1445.178711
 373.000000 1445.626831
 374.000000 1445.718262
 375.000000 1446.074829
 376.000000 1446.452881
 377.000000 1446.586914
 378.000000 1446.934448
 379.000000 1447.293945
 380.000000 1447.293945
 381.000000 1447.787842
 382.000000 1448.220581
 383.000000 1448.888062
 384.000000 1449.256836
 385.000000 1449.256836
 386.000000 1449.650146
 387.000000 1450.092163
 388.000000 1450.271851
 389.000000 1450.579834
 390.000000 1450.735229
 391.000000 1451.180176
 392.000000 1451.850830
 393.000000 1451.923950
 394.000000 1452.286743
 395.000000 1452.408569
 396.000000 1452.853638
 397.000000 1453.365601
 398.000000 1453.502808
 399.000000 1454.176392
 400.000000 1454.597046
 401.000000 1454.703735
 402.000000 1455.185303
 403.000000 1455.185303
 404.000000 1455.535767
 405.000000 1455.932129
 406.000000 1456.133179
 407.000000 1456.489746
 408.000000 1456.855591
 409.000000 1456.934937
 410.000000 1457.767090
 411.000000 1457.968140
 412.000000 1458.553345
 413.000000 1458.955688
 414.000000 1459.102051
 415.000000 1459.769531
 416.000000 1459.742188
 417.000000 1460.638184
 418.000000 1460.711304
 419.000000 1460.625977
 420.000000 1460.824097
 421.000000 1461.122803
 422.000000 1461.122803
 423.000000 1461.412476
 424.000000 1461.503784
 425.000000 1461.948853
 426.000000 1462.567627
 427.000000 1462.567627
 428.000000 1463.152832
 429.000000 1463.225952
 430.000000 1462.963867
 431.000000 1463.085693
 432.000000 1462.854126
 433.000000 1462.808472
 434.000000 1463.183350
 435.000000 1463.161865
 436.000000 1463.366089
 437.000000 1463.399780
 438.000000 1463.765381
 439.000000 1464.003174
 440.000000 1464.119019
 441.000000 1464.216553
 442.000000 1464.442139
 443.000000 1464.554932
 444.000000 1464.838257
 445.000000 1464.838257
 446.000000 1465.106445
 447.000000 1465.627808
 448.000000 1465.728271
 449.000000 1466.118530
 450.000000 1466.118530
 451.000000 1466.612305
 452.000000 1466.993286
 453.000000 1467.151855
 454.000000 1467.636475
 455.000000 1467.858887
 456.000000 1468.069214
 457.000000 1468.596558
 458.000000 1468.940918
 459.000000 1469.160400
 460.000000 1469.620605
 461.000000 1470.001587
 462.000000 1470.449707
 463.000000 1470.937378
 464.000000 1470.937378
 465.000000 1471.388550
 466.000000 1471.836548
 467.000000 1472.366943
 468.000000 1472.909424
 469.000000 1472.909424
 470.000000 1473.290405
 471.000000 1473.564697
 472.000000 1473.677490
 473.000000 1473.750732
 474.000000 1474.265869
 475.000000 1474.655884
 476.000000 1474.918091
 477.000000 1475.155762
 478.000000 1475.335571
 479.000000 1475.600830
 480.000000 1476.048950
 481.000000 1476.448242
 482.000000 1476.591431
 483.000000 1476.774292
 484.000000 1477.149170
 485.000000 1477.441772
 486.000000 1477.798462
 487.000000 1477.798462
 488.000000 1477.856323
 489.000000 1478.252686
 490.000000 1478.401855
 491.000000 1478.916992
 492.000000 1478.916992
 493.000000 1479.441284
 494.000000 1479.560181
 495.000000 1479.605957
 496.000000 1479.767456
 497.000000 1480.108765
 498.000000 1480.431885
 499.000000 1481.004883
