380959.69712623,4944515.55512752,2
380958.91137019,4944514.93659099,2
380958.12561415,4944514.31805446,2
380957.3398581,4944513.69951792,2
380956.55410206,4944513.08098139,2
380955.76834602,4944512.46244486,2
380954.98258997,4944511.84390833,2
380954.19683393,4944511.2253718,2
380953.41107789,4944510.60683527,2
380952.62532184,4944509.98829874,2
380951.8395658,4944509.36976221,2
380951.05380976,4944508.75122567,2
380950.26805371,4944508.13268914,2
380949.48229767,4944507.51415261,2
380948.69654163,4944506.89561608,2
380947.91078558,4944506.27707955,2
380947.12502954,4944505.65854302,2
380946.3392735,4944505.04000649,2
380945.55351745,4944504.42146996,2
380944.76776141,4944503.80293342,2
380943.98200537,4944503.18439689,2
380943.19624932,4944502.56586036,2
380942.41049328,4944501.94732383,2
380941.62473724,4944501.3287873,2
380940.83898119,4944500.71025077,2
380940.05322515,4944500.09171424,2
380939.26746911,4944499.47317771,2
380938.48171306,4944498.85464117,2
380937.69595702,4944498.23610464,2
380936.91020098,4944497.61756811,2
380936.12444493,4944496.99903158,2
380935.33868889,4944496.38049505,2
380934.55293285,4944495.76195852,2
380933.7671768,4944495.14342199,2
380932.98142076,4944494.52488546,2
380932.19566472,4944493.90634893,2
380931.40990867,4944493.28781239,2
380930.62415263,4944492.66927586,2
380929.83839659,4944492.05073933,2
380929.05264054,4944491.4322028,2
380928.2668845,4944490.81366627,2
380927.48112846,4944490.19512974,2
380926.69537241,4944489.57659321,2
380925.90961637,4944488.95805668,2
380925.12386033,4944488.33952014,2
380924.33810428,4944487.72098361,2
380923.55234824,4944487.10244708,2
380922.7665922,4944486.48391055,2
380921.98083615,4944485.86537402,2
380921.19508011,4944485.24683749,2
380920.40932407,4944484.62830096,2
380919.62356802,4944484.00976443,2
380918.83781198,4944483.3912279,2
380918.05205594,4944482.77269136,2
380917.26629989,4944482.15415483,2
380916.48054385,4944481.5356183,2
380915.69478781,4944480.91708177,2
380914.90903176,4944480.29854524,2
380914.12327572,4944479.68000871,2
380913.33751968,4944479.06147218,2
380912.55176363,4944478.44293565,2
380911.76600759,4944477.82439911,2
380910.98025155,4944477.20586258,2
380910.19449551,4944476.58732605,2
380909.40873946,4944475.96878952,2
380908.62298342,4944475.35025299,2
380907.83722738,4944474.73171646,2
380907.05147133,4944474.11317993,2
380906.26571529,4944473.4946434,2
380905.47995925,4944472.87610686,2
380904.6942032,4944472.25757033,2
380903.90844716,4944471.6390338,2
380903.12269112,4944471.02049727,2
380902.33693507,4944470.40196074,2
380901.55117903,4944469.78342421,2
380900.76542299,4944469.16488768,2
380899.97966694,4944468.54635115,2
380899.1939109,4944467.92781461,2
380898.40815486,4944467.30927808,2
380897.62239881,4944466.69074155,2
380896.83664277,4944466.07220502,2
380896.05088673,4944465.45366849,2
380895.26513068,4944464.83513196,2
380894.47937464,4944464.21659543,2
380893.6936186,4944463.5980589,2
380892.90786255,4944462.97952237,2
380892.12210651,4944462.36098583,2
380891.33635047,4944461.7424493,2
380890.55059442,4944461.12391277,2
380889.76483838,4944460.50537624,2
380888.97908234,4944459.88683971,2
380888.19332629,4944459.26830318,2
380887.40757025,4944458.64976665,2
380886.62181421,4944458.03123012,2
380885.83605816,4944457.41269358,2
380885.05030212,4944456.79415705,2
380884.26454608,4944456.17562052,2
380883.47879003,4944455.55708399,2
380882.69303399,4944454.93854746,2
380881.90727795,4944454.32001093,2
380881.1215219,4944453.7014744,2
380880.33576586,4944453.08293787,2
380879.55000982,4944452.46440134,2
380878.76425377,4944451.8458648,2
380877.97849773,4944451.22732827,2
380877.19274169,4944450.60879174,2
380876.40698564,4944449.99025521,2
380875.6212296,4944449.37171868,2
380874.83547356,4944448.75318215,2
380874.04971751,4944448.13464562,2
380873.26396147,4944447.51610909,2
380872.47820543,4944446.89757255,2
380871.69244938,4944446.27903602,2
380870.90669334,4944445.66049949,2
380870.1209373,4944445.04196296,2
380869.33518125,4944444.42342643,2
380868.54942521,4944443.8048899,2
380867.76366917,4944443.18635337,2
380866.97791312,4944442.56781684,2
380866.19215708,4944441.9492803,2
380865.40640104,4944441.33074377,2
380864.62064499,4944440.71220724,2
380863.83488895,4944440.09367071,2
380863.04913291,4944439.47513418,2
380862.26337686,4944438.85659765,2
380861.47762082,4944438.23806112,2
380860.69186478,4944437.61952459,2
380859.90610873,4944437.00098806,2
380859.12035269,4944436.38245152,2
380858.33459665,4944435.76391499,2
380857.5488406,4944435.14537846,2
380856.76308456,4944434.52684193,2
380855.97732852,4944433.9083054,2
380855.19157247,4944433.28976887,2
380854.40581643,4944432.67123234,2
380853.62006039,4944432.05269581,2
380852.83430434,4944431.43415927,2
380852.0485483,4944430.81562274,2
380851.26279226,4944430.19708621,2
380850.47703621,4944429.57854968,2
380849.69128017,4944428.96001315,2
380848.90552413,4944428.34147662,2
380848.11976808,4944427.72294009,2
380847.33401204,4944427.10440356,2
380846.548256,4944426.48586702,2
380845.76249996,4944425.86733049,2
380844.97674391,4944425.24879396,2
380844.19098787,4944424.63025743,2
380843.40523183,4944424.0117209,2
380842.61947578,4944423.39318437,2
380841.83371974,4944422.77464784,2
380841.0479637,4944422.15611131,2
380840.26220765,4944421.53757478,2
380839.47645161,4944420.91903824,2
380838.69069557,4944420.30050171,2
380837.90493952,4944419.68196518,2
380837.11918348,4944419.06342865,2
380836.33342744,4944418.44489212,2
380835.54767139,4944417.82635559,2
380834.76191535,4944417.20781906,2
380833.97615931,4944416.58928253,2
380833.19040326,4944415.97074599,2
380832.40464722,4944415.35220946,2
380831.61889118,4944414.73367293,2
380830.83313513,4944414.1151364,2
380830.04737909,4944413.49659987,2
380829.26162305,4944412.87806334,2
380828.475867,4944412.25952681,2
380827.69011096,4944411.64099028,2
380826.90435492,4944411.02245374,2
380826.11859887,4944410.40391721,2
380825.33284283,4944409.78538068,2
380824.54708679,4944409.16684415,2
380823.76133074,4944408.54830762,2
380822.9755747,4944407.92977109,2
380822.18981866,4944407.31123456,2
380821.40406261,4944406.69269803,2
380820.61830657,4944406.0741615,2
380819.83255053,4944405.45562496,2
380819.04679448,4944404.83708843,2
380818.26103844,4944404.2185519,2
380817.4752824,4944403.60001537,2
380816.68952635,4944402.98147884,2
380815.90377031,4944402.36294231,2
380815.11801427,4944401.74440578,2
380814.33225822,4944401.12586925,2
380813.54650218,4944400.50733271,2
380812.76074614,4944399.88879618,2
380811.97499009,4944399.27025965,2
380811.18923405,4944398.65172312,2
380810.40347801,4944398.03318659,2
380809.61772196,4944397.41465006,2
380808.83196592,4944396.79611353,2
380808.04620988,4944396.177577,2
380807.26045383,4944395.55904046,2
380806.47469779,4944394.94050393,2
380805.68894175,4944394.3219674,2
380804.9031857,4944393.70343087,2
380804.11742966,4944393.08489434,2
380803.33167362,4944392.46635781,2
380802.54591757,4944391.84782128,2
380801.76016153,4944391.22928475,2
380800.97440549,4944390.61074822,2
380800.18864944,4944389.99221168,2
380799.4028934,4944389.37367515,2
380798.61713736,4944388.75513862,2
380797.83138131,4944388.13660209,2
380797.04562527,4944387.51806556,2
380796.25986923,4944386.89952903,2
380795.47411318,4944386.2809925,2
380794.68835714,4944385.66245597,2
380793.9026011,4944385.04391943,2
380793.11684505,4944384.4253829,2
380792.33108901,4944383.80684637,2
380791.54533297,4944383.18830984,2
380790.75957692,4944382.56977331,2
380789.97382088,4944381.95123678,2
380789.18806484,4944381.33270025,2
380788.40230879,4944380.71416372,2
380787.61655275,4944380.09562718,2
380786.83079671,4944379.47709065,2
380786.04504066,4944378.85855412,2
380785.25928462,4944378.24001759,2
380784.47352858,4944377.62148106,2
380783.68777253,4944377.00294453,2
380782.90201649,4944376.384408,2
380782.11626045,4944375.76587147,2
380781.33050441,4944375.14733494,2
380780.54474836,4944374.5287984,2
380779.75899232,4944373.91026187,2
380778.97323628,4944373.29172534,2
380778.18748023,4944372.67318881,2
380777.40172419,4944372.05465228,2
380776.61596815,4944371.43611575,2
380775.8302121,4944370.81757922,2
380775.04445606,4944370.19904269,2
380774.25870002,4944369.58050615,2
380773.47294397,4944368.96196962,2
380772.68718793,4944368.34343309,2
380771.90143189,4944367.72489656,2
380771.11567584,4944367.10636003,2
380770.3299198,4944366.4878235,2
380769.54416376,4944365.86928697,2
380768.75840771,4944365.25075044,2
380767.97265167,4944364.6322139,2
380767.18689563,4944364.01367737,2
380766.40113958,4944363.39514084,2
380765.61538354,4944362.77660431,2
380764.8296275,4944362.15806778,2
380764.04387145,4944361.53953125,2
380763.25811541,4944360.92099472,2
380762.47235937,4944360.30245819,2
380761.68660332,4944359.68392166,2
380760.90084728,4944359.06538512,2
380760.11509124,4944358.44684859,2
380759.32933519,4944357.82831206,2
380758.54357915,4944357.20977553,2
380757.75782311,4944356.591239,2
380756.97206706,4944355.97270247,2
380756.18631102,4944355.35416594,2
380755.40055498,4944354.73562941,2
380754.61479893,4944354.11709287,2
380753.82904289,4944353.49855634,2
380753.04328685,4944352.88001981,2
380752.2575308,4944352.26148328,2
380751.47177476,4944351.64294675,2
380750.68601872,4944351.02441022,2
380749.90026267,4944350.40587369,2
380749.11450663,4944349.78733716,2
380748.32875059,4944349.16880063,2
380747.54299454,4944348.55026409,2
380746.7572385,4944347.93172756,2
380745.97148246,4944347.31319103,2
380745.18572641,4944346.6946545,2
380744.39997037,4944346.07611797,2
380743.61421433,4944345.45758144,2
380742.82845828,4944344.83904491,2
380742.04270224,4944344.22050838,2
380741.2569462,4944343.60197184,2
380740.47119015,4944342.98343531,2
380739.68543411,4944342.36489878,2
380738.89967807,4944341.74636225,2
380738.11392202,4944341.12782572,2
380737.32816598,4944340.50928919,2
380736.54240994,4944339.89075266,2
380735.75665389,4944339.27221613,2
380734.97089785,4944338.65367959,2
380734.18514181,4944338.03514306,2
380733.39938576,4944337.41660653,2
380732.61362972,4944336.79807,2
380731.82787368,4944336.17953347,2
380731.04211763,4944335.56099694,2
380730.25636159,4944334.94246041,2
380729.47060555,4944334.32392388,2
380728.6848495,4944333.70538734,2
380727.89909346,4944333.08685081,2
380727.11333742,4944332.46831428,2
380726.32758137,4944331.84977775,2
380725.54182533,4944331.23124122,2
380724.75606929,4944330.61270469,2
380723.97031324,4944329.99416816,2
380723.1845572,4944329.37563163,2
380722.39880116,4944328.7570951,2
380721.61304511,4944328.13855856,2
380720.82728907,4944327.52002203,2
380720.04153303,4944326.9014855,2
380719.25577698,4944326.28294897,2
380718.47002094,4944325.66441244,2
380717.6842649,4944325.04587591,2
380716.89850886,4944324.42733938,2
380716.11275281,4944323.80880285,2
380715.32699677,4944323.19026631,2
380714.54124073,4944322.57172978,2
380713.75548468,4944321.95319325,2
380712.96972864,4944321.33465672,2
380712.1839726,4944320.71612019,2
380711.39821655,4944320.09758366,2
380710.61246051,4944319.47904713,2
380709.82670447,4944318.8605106,2
380709.04094842,4944318.24197407,2
380708.25519238,4944317.62343753,2
380707.46943634,4944317.004901,2
380706.68368029,4944316.38636447,2
380705.89792425,4944315.76782794,2
380705.11216821,4944315.14929141,2
380704.32641216,4944314.53075488,2
380703.54065612,4944313.91221835,2
380702.75490008,4944313.29368182,2
380701.96914403,4944312.67514528,2
380701.18338799,4944312.05660875,2
380700.39763195,4944311.43807222,2
380699.6118759,4944310.81953569,2
380698.82611986,4944310.20099916,2
380698.04036382,4944309.58246263,2
380697.25460777,4944308.9639261,2
380696.46885173,4944308.34538957,2
380695.68309569,4944307.72685303,2
380694.89733964,4944307.1083165,2
380694.1115836,4944306.48977997,2
380693.32582756,4944305.87124344,2
380692.54007151,4944305.25270691,2
380691.75431547,4944304.63417038,2
380690.96855943,4944304.01563385,2
380690.18280338,4944303.39709732,2
380689.39704734,4944302.77856078,2
380688.6112913,4944302.16002425,2
380687.82553525,4944301.54148772,2
380687.03977921,4944300.92295119,2
380686.25402317,4944300.30441466,2
380685.46826712,4944299.68587813,2
380684.68251108,4944299.0673416,2
380683.89675504,4944298.44880507,2
380683.11099899,4944297.83026854,2
380682.32524295,4944297.211732,2
380681.53948691,4944296.59319547,2
380680.75373086,4944295.97465894,2
380679.96797482,4944295.35612241,2
380679.18221878,4944294.73758588,2
380678.39646273,4944294.11904935,2
380677.61070669,4944293.50051282,2
380676.82495065,4944292.88197629,2
380676.0391946,4944292.26343975,2
380675.25343856,4944291.64490322,2
380674.46768252,4944291.02636669,2
380673.68192647,4944290.40783016,2
380672.89617043,4944289.78929363,2
380672.11041439,4944289.1707571,2
380671.32465834,4944288.55222057,2
380670.5389023,4944287.93368404,2
380669.75314626,4944287.31514751,2
380668.96739021,4944286.69661097,2
380668.18163417,4944286.07807444,2
380667.39587813,4944285.45953791,2
380666.61012208,4944284.84100138,2
380665.82436604,4944284.22246485,2
380665.03861,4944283.60392832,2
380664.25285395,4944282.98539179,2
380663.46709791,4944282.36685526,2
380662.68134187,4944281.74831872,2
380661.89558582,4944281.12978219,2
380661.10982978,4944280.51124566,2
380660.32407374,4944279.89270913,2
380659.53831769,4944279.2741726,2
380658.75256165,4944278.65563607,2
380657.96680561,4944278.03709954,2
380657.18104956,4944277.41856301,2
380656.39529352,4944276.80002647,2
380655.60953748,4944276.18148994,2
380654.82378143,4944275.56295341,2
380654.03802539,4944274.94441688,2
380653.25226935,4944274.32588035,2
380652.46651331,4944273.70734382,2
380651.68075726,4944273.08880729,2
380650.89500122,4944272.47027076,2
380650.10924518,4944271.85173422,2
380649.32348913,4944271.23319769,2
380648.53773309,4944270.61466116,2
380647.75197705,4944269.99612463,2
380646.966221,4944269.3775881,2
380646.18046496,4944268.75905157,2
380645.39470892,4944268.14051504,2
380644.60895287,4944267.52197851,2
380643.82319683,4944266.90344198,2
380643.03744079,4944266.28490544,2
380642.25168474,4944265.66636891,2
380641.4659287,4944265.04783238,2
380640.68017266,4944264.42929585,2
380639.89441661,4944263.81075932,2
380639.10866057,4944263.19222279,2
380638.32290453,4944262.57368626,2
380637.53714848,4944261.95514973,2
380636.75139244,4944261.3366132,2
380635.9656364,4944260.71807666,2
380635.17988035,4944260.09954013,2
380634.39412431,4944259.4810036,2
380633.60836827,4944258.86246707,2
380632.82261222,4944258.24393054,2
380632.03685618,4944257.62539401,2
380631.25110014,4944257.00685748,2
380630.46534409,4944256.38832095,2
380629.67958805,4944255.76978441,2
380628.89383201,4944255.15124788,2
380628.10807596,4944254.53271135,2
380627.32231992,4944253.91417482,2
380626.53656388,4944253.29563829,2
380625.75080783,4944252.67710176,2
380624.96505179,4944252.05856523,2
380624.17929575,4944251.4400287,2
380623.3935397,4944250.82149216,2
380622.60778366,4944250.20295563,2
380621.82202762,4944249.5844191,2
380621.03627157,4944248.96588257,2
380620.25051553,4944248.34734604,2
380619.46475949,4944247.72880951,2
380618.67900344,4944247.11027298,2
380617.8932474,4944246.49173645,2
380617.10749136,4944245.87319991,2
380616.32173531,4944245.25466338,2
380615.53597927,4944244.63612685,2
380614.75022323,4944244.01759032,2
380613.96446718,4944243.39905379,2
380613.17871114,4944242.78051726,2
380612.3929551,4944242.16198073,2
380611.60719905,4944241.5434442,2
380610.82144301,4944240.92490766,2
380610.03568697,4944240.30637113,2
380609.24993092,4944239.6878346,2
380608.46417488,4944239.06929807,2
380607.67841884,4944238.45076154,2
380606.89266279,4944237.83222501,2
380606.10690675,4944237.21368848,2
380605.32115071,4944236.59515195,2
380604.53539466,4944235.97661542,2
380603.74963862,4944235.35807888,2
380602.96388258,4944234.73954235,2
380602.17812653,4944234.12100582,2
380601.39237049,4944233.50246929,2
380600.60661445,4944232.88393276,2
380599.8208584,4944232.26539623,2
380599.03510236,4944231.6468597,2
380598.24934632,4944231.02832317,2
380597.46359027,4944230.40978664,2
380596.67783423,4944229.7912501,2
380595.89207819,4944229.17271357,2
380595.10632214,4944228.55417704,2
380594.3205661,4944227.93564051,2
380593.53481006,4944227.31710398,2
380592.74905401,4944226.69856745,2
380591.96329797,4944226.08003092,2
380591.17754193,4944225.46149439,2
380590.39178588,4944224.84295785,2
380589.60602984,4944224.22442132,2
380588.8202738,4944223.60588479,2
380588.03451776,4944222.98734826,2
380587.24876171,4944222.36881173,2
380586.46300567,4944221.7502752,2
380585.67724963,4944221.13173867,2
380584.89149358,4944220.51320214,2
380584.10573754,4944219.8946656,2
380583.3199815,4944219.27612907,2
380582.53422545,4944218.65759254,2
380581.74846941,4944218.03905601,2
380580.96271337,4944217.42051948,2
380580.17695732,4944216.80198295,2
380579.39120128,4944216.18344642,2
380578.60544524,4944215.56490989,2
380577.81968919,4944214.94637335,2
380577.03393315,4944214.32783682,2
380576.24817711,4944213.70930029,2
380575.46242106,4944213.09076376,2
380574.67666502,4944212.47222723,2
380573.89090898,4944211.8536907,2
380573.10515293,4944211.23515417,2
380572.31939689,4944210.61661764,2
380571.53364085,4944209.9980811,2
380570.7478848,4944209.37954457,2
380569.96212876,4944208.76100804,2
380569.17637272,4944208.14247151,2
380568.39061667,4944207.52393498,2
380567.60486063,4944206.90539845,2
380566.81910459,4944206.28686192,2
