 0.000000 1422.586914
 1.000001 1422.535156
 2.000002 1422.257812
 3.000003 1422.218140
 4.000004 1422.199829
 5.000005 1422.285278
 6.000006 1422.312622
 6.677482 1422.303467
 7.677483 1422.306519
 8.677485 1422.303467
 9.677486 1422.306519
 10.677487 1422.318726
 11.677488 1422.303467
 12.677489 1422.422485
 13.677490 1422.471069
 14.677491 1422.562622
 15.677492 1422.608276
 16.357919 1422.608276
 17.357920 1422.635742
 18.357921 1422.656982
 19.357922 1422.553467
 20.357923 1422.510742
 21.357924 1422.504639
 22.357925 1422.498657
 23.357926 1422.449829
 24.357927 1422.446655
 25.357928 1422.327881
 26.357929 1422.205933
 26.874450 1422.248657
 27.874451 1422.123535
 28.874452 1422.187744
 29.874453 1422.044434
 30.874454 1421.788452
 31.874455 1421.596313
 32.874456 1421.623779
 33.874457 1421.468262
 34.874458 1421.364746
 35.425948 1421.361572
 36.425949 1421.291504
 37.425950 1421.291504
 38.425951 1421.236694
 39.425952 1421.218384
 40.425953 1421.379883
 41.425954 1421.261108
 42.425955 1421.258057
 43.425956 1421.355591
 44.425957 1421.358643
 45.425958 1421.236694
 46.425959 1421.443848
 47.425960 1421.471436
 48.425961 1421.367676
 49.425962 1421.367676
 49.875905 1421.325073
 50.875906 1421.325073
 51.875908 1421.331177
 52.875909 1421.364746
 53.875910 1421.343384
 54.875911 1421.468262
 55.875912 1421.349487
 56.875913 1421.303711
 57.875914 1421.193970
 58.875915 1421.145142
 59.875916 1420.861816
 60.875917 1420.825195
 61.875918 1420.965454
 62.875919 1421.014282
 63.875920 1420.971558
 64.875921 1421.090454
 65.875922 1421.044800
 66.875923 1420.828247
 67.875924 1420.791748
 67.991163 1420.791748
 68.991164 1420.806885
 69.991165 1420.767334
 70.991167 1420.831299
 71.991168 1420.831299
 72.991169 1421.224487
 73.991170 1421.187866
 74.991171 1421.264160
 75.991172 1421.163452
 76.991173 1421.172729
 77.991174 1421.099487
 78.991175 1421.108765
 79.991176 1421.093384
 80.991177 1421.200073
 81.991178 1421.191040
 82.930008 1421.230591
 83.930009 1421.193970
 84.930010 1421.230591
 85.930011 1421.230591
 86.930012 1421.172729
 87.930014 1421.148315
 88.930015 1421.075073
 89.930016 1421.072144
 90.930017 1420.995972
 91.930018 1420.919678
 92.930019 1420.959351
 93.930020 1420.861816
 94.930021 1420.758057
 95.930022 1420.746094
 96.930023 1420.687988
 97.930024 1420.812988
 98.930025 1420.721680
 99.930026 1420.751953
 100.222683 1420.691162
 101.222684 1420.733887
 102.222685 1420.727783
 103.222686 1420.663696
 104.222687 1420.672852
 105.222688 1420.687988
 106.222689 1420.657593
 107.222690 1420.657593
 108.222691 1420.666748
 109.222693 1420.651489
 110.222694 1420.660645
 111.222695 1420.675781
 112.222696 1420.605713
 113.222697 1420.569214
 114.222698 1420.495972
 114.300369 1420.495972
 115.300370 1420.462524
 116.300371 1420.468628
 117.300372 1420.526489
 118.300373 1420.526489
 119.300374 1420.514282
 120.300375 1420.535645
 121.300376 1420.505249
 122.300377 1420.483765
 123.300378 1420.486938
 124.300379 1420.404663
 125.300380 1420.416870
 126.217792 1420.404663
 127.217793 1420.401489
 128.217794 1420.416870
 129.217795 1420.374146
